4572
3659
7197
5676
5823
1360
5173
8209
6973
7772
2284
4433
9942
8666
2810
390
9466
8242
8705
9619
4038
6238
71
9974
1314
1554
1603
8396
5568
4804
1058
6208
6142
4347
7431
1117
2403
7318
6743
2437
8309
5478
1842
1550
1169
1864
3043
7701
1895
3598
3285
4434
6337
2630
2061
9926
2927
3806
5839
1992
9205
7851
1312
4744
2514
3795
7584
8486
787
8602
6210
1986
7272
8876
481
3993
7363
5565
9951
775
6464
1719
6588
8769
2916
4072
1720
8777
9675
3733
292
1636
9670
4870
5470
3620
913
8149
4308
8131
7491
9211
121
4048
2885
122
760
98
5514
568
2053
7513
5831
9842
6144
2771
4531
1369
6465
5381
8413
7801
9481
6654
9839
3691
5146
8275
5627
4213
7995
9397
6107
4355
6842
2137
6543
8632
4754
6048
4297
6005
2507
1715
9744
8587
4356
4761
5100
5783
8939
3694
9311
5906
4998
6511
1892
5535
767
1224
8589
755
2998
8296
8546
3461
307
8541
3721
1097
6463
3884
3492
3789
8352
2054
2224
4699
2109
1524
2696
8874
3782
1792
840
2747
2283
8612
7052
7140
263
937
956
2421
7224
3392
4113
6426
4239
8015
2590
8010
9791
6366
8091
7885
559
2028
5057
2110
5280
9769
7775
6231
7976
9478
1819
4684
1791
1757
308
8034
5659
7846
6017
1660
5940
413
5523
4106
3835
2496
16
7159
3827
6333
8156
3566
3308
4981
3092
2272
4679
3656
2867
5702
9523
1583
9889
9739
5258
4107
1265
2739
2199
6076
453
3652
4099
8691
6593
2718
5633
8471
911
9979
5531
6792
9125
5528
170
6137
7019
5221
1586
8265
3129
9588
7173
474
754
6311
1523
4426
4523
2826
8870
1737
8021
8340
8767
7161
8971
5742
8313
52
2938
2015
2537
8164
4024
3462
6931
7638
5971
3683
89
3328
4318
8441
985
7900
1053
2122
4755
5472
6641
4541
8827
3456
5123
5249
262
791
30
3171
4621
9345
2161
4791
3430
534
8415
8740
1756
9687
4097
6990
7907
2036
7091
1818
5556
923
2834
9653
8447
148
8793
1318
3528
1528
7235
5979
3650
2155
7835
1863
9012
320
8801
8037
285
3494
9612
5161
8129
4831
1469
8517
1228
4595
1176
9500
3483
6307
8776
4134
9868
5444
2052
134
5244
174
2703
6680
7543
7097
4020
9998
3658
3856
384
7594
2614
8615
1177
9377
8250
5794
8064
7581
2433
8943
5473
1283
9494
2711
7511
3823
5670
5220
876
6074
5597
4667
6095
8450
6822
7837
5569
569
6886
5515
5711
6026
3372
4470
3289
8945
5895
4043
3135
7034
5727
6288
8449
6462
1749
6756
7355
7333
5376
2291
4032
2178
8328
7669
1220
5590
1490
9353
4819
1267
7326
8811
2733
1714
8096
6634
6820
6951
1669
1059
2373
7842
677
8839
654
6722
8629
1241
5519
4704
6373
2128
788
5180
6636
4465
4348
2963
2832
7139
2317
8502
8816
4191
3705
6328
8108
4697
9453
6261
4806
5635
552
6123
3901
6567
6320
2889
6330
8170
7556
282
3712
4064
6873
6416
3237
4559
8687
1878
5602
2399
4604
4916
5876
7352
8349
9446
9737
1869
80
409
4927
6921
8219
6970
165
6874
3916
1137
2659
9566
2611
4961
215
7520
2182
5611
9505
5972
2776
4264
8298
4609
3049
7430
757
7937
6796
3862
6176
5671
3204
6647
9361
9593
2522
5644
7214
1009
3321
9627
6772
1333
6701
8641
2118
5287
5719
4096
9282
2873
4304
6615
5575
3741
9671
633
3381
3013
4218
7985
1086
8737
8515
1487
3011
7692
9836
8719
753
1233
2872
1050
7824
1736
209
2444
5453
8704
7603
769
4665
851
6691
8444
8425
4668
3106
2532
9986
4936
3836
4655
3883
2848
2587
5714
2868
5665
1595
9970
6728
8385
3201
7901
439
1263
4374
479
2693
4368
7471
9433
6264
560
3978
8397
4887
9196
8281
1525
8216
5141
3897
7573
1052
1882
5551
4220
6565
554
99
6361
2468
9001
8591
8883
4362
6362
3740
592
1170
4093
878
1687
1751
3699
4136
3898
1582
4294
4403
4350
7922
2654
5060
2847
3700
3455
6528
5579
6801
9787
5881
9725
1046
2311
9577
5546
7563
3678
3329
9025
3496
9476
6012
5898
751
4343
7549
687
4172
3218
7519
7720
5974
706
1294
7215
1922
2019
4170
9980
9069
1083
5949
6011
3425
9616
5299
1876
1628
8491
968
5835
3230
7580
3162
112
4802
4987
4814
4645
6078
3309
1532
2578
1871
2513
7535
1977
4878
1966
1925
3126
7748
411
7611
3420
1328
6009
4413
6385
3169
8991
7710
3163
1951
4460
7365
6799
9135
944
626
6679
2316
3148
9729
6750
2697
4192
7524
2633
1306
7376
7119
9949
9464
473
5936
1728
7005
6795
683
1743
9045
6018
5759
423
4735
8878
1891
6159
90
6121
598
6507
7800
5618
9131
59
190
6233
5250
8985
2002
8717
1160
5987
6724
9026
1178
3108
5892
1291
5996
5516
8934
3401
3236
7881
4860
6185
7600
2671
9684
2817
735
649
6013
5142
4238
1514
2383
2962
9080
7702
4696
4820
4942
4026
6742
7062
3702
7316
3976
6612
1686
8337
3612
8464
864
4031
657
7083
6697
3331
8572
3548
1395
2231
7415
4555
2157
5893
4016
1420
3464
8372
1873
668
2620
5666
868
2961
492
8668
220
2152
8727
8795
7092
9943
4095
5143
670
7098
5019
2323
1682
7064
7055
3633
2699
5847
3443
3263
4873
4765
24
7086
7752
798
149
9269
9325
1055
172
8803
2295
366
1467
5656
1646
1859
7640
2799
9544
3577
433
487
6661
3805
2774
100
1657
3935
5457
1351
6890
9366
3294
1321
1174
2354
8759
2534
4817
7003
2505
1226
9204
3330
7938
1148
4305
6461
2445
3153
7979
4287
8761
2188
8381
7060
8499
8341
9063
341
932
9801
1861
7453
6010
2334
9884
1978
4876
6790
3144
5861
1153
4742
6961
6878
4203
8018
4364
3532
1575
3119
713
8614
8621
1574
7784
4902
3852
6460
2856
6698
2092
7133
9636
765
382
9580
6534
498
4810
6856
2859
6877
7048
834
8044
2675
4739
4917
6222
9359
2375
8110
9
5624
1302
6966
930
3784
4958
1044
176
14
6964
7017
7780
4378
7597
6908
8630
6595
8551
3152
2742
7452
4017
8287
6854
6774
1591
2631
9452
2380
7738
9336
1915
7102
1923
5642
6828
3802
9557
7968
9966
7072
2509
5778
7304
5356
229
852
4525
9945
3973
8366
5300
7230
1520
4167
7108
7781
5911
1829
70
4028
7417
483
2732
2615
797
585
4833
8986
1006
9882
2290
3465
6999
7529
7868
4514
2905
7816
7867
8050
5869
7654
3590
1377
5311
9818
5462
7481
4646
5122
2566
1408
741
3786
3544
5035
5896
8697
3571
5474
7336
8891
7997
6628
6090
6321
5430
5224
2728
2844
6693
463
9941
5229
4123
2407
6171
8277
8675
3956
7404
5206
6526
7698
1844
6126
1579
7918
5315
8581
4585
7987
4117
6138
1862
9811
7714
6148
7470
7280
6993
3242
5607
1566
8116
5663
6713
8520
4854
6082
6629
6652
2539
2788
7888
147
3062
7124
6230
9745
1804
6923
865
6392
110
4373
5030
1266
9898
5120
7797
6113
3606
4111
4312
4544
6206
348
9659
6478
761
36
9486
2528
926
6863
4920
8805
1656
3948
9871
8648
9804
1667
5130
6235
2415
3474
4268
451
661
246
5755
43
979
7166
3915
2589
5018
6938
740
8135
6180
9139
1593
5097
6163
6214
9960
1786
8490
5926
2806
5498
6670
1960
2322
8565
4620
2240
7040
809
2888
3251
8744
7946
7054
9471
9984
6666
8585
10000
9298
4315
4414
8579
3687
8954
7672
1445
7889
7831
7790
1359
3427
3787
7492
273
3502
2218
5198
5413
3085
9930
2343
1023
980
6381
3688
7482
9305
7307
1486
6480
1904
9232
766
152
4478
1735
2655
1452
600
4715
6716
3975
1342
8238
7275
1103
518
9463
2954
1932
6706
4327
393
3179
2305
2006
7878
4349
1237
484
7384
8075
3173
4891
6767
9407
1544
9436
589
3084
5069
2073
6917
1559
4457
4506
7496
4263
2190
5449
9905
7369
7059
1875
6491
8293
4300
4504
2211
6318
8085
2406
7429
8623
5902
6998
7799
8460
3387
5789
6978
9487
2529
7314
4059
3601
5354
9030
2447
3676
476
5079
4630
973
8957
2690
3562
2789
8252
1417
2756
3293
3264
7354
9124
2730
7193
7786
4246
9262
9059
7051
9550
1684
4947
7670
7928
2928
5343
3514
890
8392
8978
1589
5748
5533
8914
6686
3979
8014
7174
7899
8796
8283
2420
6564
915
6002
4180
999
9954
7486
7099
4926
9468
2181
8387
4382
4543
8770
2652
2478
9901
213
8342
7297
2163
1074
6297
9021
2014
2530
2729
1634
5744
6804
1017
2129
3643
7328
4803
3130
8689
5836
9271
5114
943
2082
4247
3005
1740
2454
7364
7836
8112
6510
6352
6859
482
1916
7804
2455
513
2314
6955
7880
9955
9098
143
9261
8695
1936
3385
53
8955
4309
6081
9245
1489
6489
8649
325
1459
6656
6260
7223
1072
7170
7636
700
8089
1239
3414
6143
6052
1746
6578
3665
2048
5775
7349
743
7826
9319
4726
290
7653
4365
7115
1608
1995
690
5054
3454
2499
6782
3257
8489
7641
9553
839
2879
5583
7402
2235
2758
6758
2326
9110
188
6184
6791
9038
1673
5422
9320
6903
6088
6239
7294
8049
8506
7222
9699
5977
6592
4675
2623
9350
8708
7708
5066
7891
3015
9547
1996
7247
7877
9002
2050
2293
7719
2743
7189
5293
3727
9529
3578
2785
6818
8059
76
1981
7013
66
4200
1042
8942
2355
6358
1759
1035
3765
6591
2555
1752
2809
8223
5791
6997
1331
8286
2942
780
8966
6331
4322
644
6857
601
7975
74
2897
4570
7391
4485
4938
131
5237
3072
726
3371
5908
1644
3720
7506
3262
9224
5596
9402
4277
503
3359
3250
7958
2818
4476
1658
6033
1416
3779
5383
6936
6845
1107
7412
6599
3588
1134
5924
8951
8073
2242
2162
5907
7525
7
5787
2205
9214
5368
6105
2197
1284
8217
3748
5113
9404
1885
2376
4002
5169
3703
6234
4988
5369
9536
6457
3244
7596
1449
1425
3382
9581
6848
4772
1973
5359
3019
2535
5009
9852
1605
8604
9112
6881
1095
5333
388
1484
2616
5148
5916
1619
9357
1202
5704
2736
7697
5769
6446
1794
4472
4435
4054
6868
5386
8234
7960
8698
9053
689
9004
3181
7293
6259
703
8448
5298
7806
8115
4351
6497
3286
3863
6000
9046
6293
3098
7237
7400
2151
8909
2488
1151
4707
6521
6816
7459
9040
5276
1012
4666
5874
8968
4432
8463
794
2784
5081
9640
3247
5501
3909
7847
3277
7817
5419
3595
4530
3370
4164
5058
5251
1324
1717
9692
1434
2508
7327
6602
2491
5211
9088
8165
6271
2166
2547
4537
8897
9829
7136
3871
7657
1407
634
650
4711
1131
9331
386
7559
9308
7598
3302
827
5063
8867
8625
8070
2057
7718
2378
9862
1439
6386
1507
1084
6764
9241
2601
7302
4957
4005
1002
3217
7808
3097
1073
6637
1426
7715
7974
7966
9092
615
7004
5980
5425
9445
8273
6027
3636
9490
1623
3645
8814
1285
8990
4911
3314
9655
18
3638
4845
6375
6717
7454
2843
3944
5660
4663
4324
4571
3048
8308
7551
2066
2811
4023
1350
7201
5716
7186
5051
8597
105
2113
7779
5745
2978
9307
3886
7477
1203
7370
3035
8606
4536
2853
8609
3682
9718
45
4070
6106
3914
6711
9183
5604
596
9418
3770
3023
9334
9940
667
4407
2126
7047
7566
1877
5923
7534
1453
948
3949
3038
4237
8710
9332
7623
5
3961
663
6683
714
5027
5372
5806
2310
5855
1654
9411
9846
9825
6958
9237
6140
8230
5752
238
8083
3482
9190
319
5640
7085
8197
245
9218
8144
941
4941
1788
587
1680
9389
5410
8432
4464
6278
1511
5382
9610
6718
5025
8179
9062
3989
4269
310
3403
9935
9584
4140
1845
3662
1562
2482
9632
7650
1102
3145
1988
564
3605
4488
236
6520
2232
630
4068
3669
4866
8245
6635
3613
3146
7856
538
3971
3930
3991
5860
3326
1382
6136
1734
1729
9501
9423
9570
5288
6805
1542
4321
4086
2325
9372
3202
5446
3472
8540
370
8212
8927
6783
6540
5969
3557
2651
3378
3214
7084
4286
1899
1393
342
6329
2071
5846
9646
9914
3497
4513
7362
8525
6837
9712
8783
6532
6132
6924
6830
9276
3582
2600
4185
914
4643
2705
7340
1257
7687
5929
3433
7942
3241
5526
7495
63
8155
3751
8320
960
1455
958
2412
8984
8399
8949
9286
4853
6135
6245
8130
4884
7188
204
4608
5805
8764
7674
4653
9434
5492
721
2994
9168
4285
6101
8683
5973
1332
531
2285
9324
5365
5447
1531
1887
3466
6421
301
7200
6843
5056
9349
2256
3771
3614
3209
3541
5167
1924
5852
1401
3903
8810
8267
7558
8616
9997
1668
8351
1067
1770
8111
9649
8892
5197
4390
2140
8114
2039
7081
2515
8921
1685
7274
6748
7241
6644
7145
7267
4780
6377
9847
3424
2956
9573
1711
3493
2918
4483
4788
8539
3211
3231
9920
6139
415
5181
4088
5323
2389
746
7605
8348
1831
7546
335
9115
3801
2169
8470
8633
7570
4423
6299
7144
4000
535
9314
1428
4588
5760
4934
7276
427
7830
9706
3965
9641
4163
6516
3685
235
7075
1846
997
362
242
7788
9933
7750
7924
5377
3855
954
4900
4848
2001
3295
8047
2049
1530
4147
2460
2170
6957
7984
8306
6125
1327
4852
8104
1774
356
4883
2726
7379
8815
7240
764
2097
9789
6087
5734
1087
2165
4446
7955
7435
8332
9077
2180
4265
7649
1952
5554
1278
1803
1061
443
3203
8362
5785
365
8369
6269
8749
4928
4774
1262
9056
1860
1057
8472
6411
1145
1896
5476
686
2079
3288
9153
1352
175
5234
3762
326
3453
9240
5362
9093
3300
9049
9499
2923
4288
6356
360
1480
295
5780
7920
2511
8126
1171
5108
1979
3995
6522
5512
1753
1229
3870
9231
8880
7906
9664
4428
6387
3972
4430
1191
1164
1025
8331
9773
1592
7904
5127
6806
9208
884
2111
4686
7388
1389
475
4398
3609
202
2100
4563
3322
9915
3228
7418
8993
4935
1317
6075
4075
5238
3674
7148
3399
4874
9757
9337
6342
509
3552
495
3411
9479
5145
6031
5000
2738
5495
3680
7886
2734
2174
8832
5692
7526
3449
5944
2955
1918
7646
9441
8823
5067
1601
1005
4962
1541
3520
7862
6014
8202
3525
4799
6168
5215
373
2725
4230
9900
4762
6393
9909
8161
2350
6141
7337
1768
4004
4758
665
4821
6709
8552
1732
652
6029
1060
33
4389
6747
2338
5536
2650
6945
6060
6302
8113
3284
6129
9947
5812
6475
2570
7500
8393
5765
7983
9622
803
957
1206
3410
4940
505
9555
4118
6490
5499
117
7777
184
5303
9159
6409
6041
7182
1674
4473
7301
7949
3138
2434
8617
7401
9075
9567
1824
9087
6757
9394
8358
7373
5912
6427
8885
9696
724
5784
1238
8053
5661
1248
6004
7870
5001
277
5283
7184
8152
8601
8101
1987
7627
7252
2907
8300
2393
6008
8588
3772
2081
5599
3754
1101
1962
8019
2171
3091
7269
6606
6217
4359
5379
437
4818
4317
7628
5726
8926
7762
6370
6547
158
8453
7589
5256
3550
5827
2132
6251
9473
218
4319
4501
905
1567
5788
4796
5657
7308
9592
3627
7299
4516
4223
8231
8886
2564
1056
2576
7169
4103
2761
7100
9721
2901
3946
927
4688
2319
7018
3448
4912
4198
11
3581
6580
9443
6319
4992
1374
8198
4440
837
8177
9760
6609
5338
6664
7000
2160
4990
8224
4205
9050
2156
9173
9265
7569
5031
2216
9694
9582
5138
3396
2781
2032
199
580
467
6811
2949
4145
2335
6120
5490
4849
499
4925
9813
6160
420
327
79
9538
9416
9310
73
7660
1747
2683
4743
8061
5713
8599
8941
9091
4602
4089
3018
4495
1031
9323
526
8920
5460
8980
106
1888
904
1691
5225
8473
9351
2932
8817
2891
4569
5329
2402
9554
1647
4535
9172
9315
4259
2653
8763
5593
4225
7460
9390
9579
5064
5920
3358
2327
5643
8789
3938
8278
2749
2609
9212
5709
2164
2646
6982
2900
4329
9742
9005
4924
3906
6667
8057
2465
2044
3756
8514
2792
161
5741
4890
1515
1376
4880
6847
4986
7561
5975
4139
1858
1652
6880
4844
349
2276
9228
8734
6429
4371
1649
7185
2464
5981
2452
1744
6976
1771
9290
9707
4823
3139
940
3101
6810
7291
6334
5465
7849
9875
383
3872
9559
6470
1210
8
6150
4626
96
2398
1519
1600
8834
4266
391
5693
488
7050
5421
1676
4526
7256
2503
672
7545
1054
5934
6410
254
7675
2442
8469
9609
8586
7206
2363
659
8402
6994
2791
7996
2898
1704
8312
266
4777
4062
5821
2912
6809
4114
4975
5451
8758
4063
9017
896
354
9892
9178
6353
9688
5231
419
9165
1905
801
784
4885
1991
1555
584
4074
8549
2425
41
4795
4394
4122
3690
3167
7527
8527
6968
5807
9071
1
4671
3055
6869
8458
5396
9885
4709
4691
9817
7045
3800
9522
2712
8808
8947
5699
6227
2883
8501
544
4840
8395
4029
1972
75
6441
7557
3820
807
5903
1900
9267
5147
8036
1950
6313
6291
9828
2022
783
5637
8865
622
8537
5367
6833
1275
8169
2899
3452
1413
952
8699
2416
1399
6200
8040
3524
2929
6836
3596
9043
9145
5731
4738
2141
5070
4245
86
7421
2012
928
8526
3212
2379
747
5135
6399
7970
3158
5872
6905
5809
7449
9280
6741
6228
709
4469
6203
367
583
658
705
934
2869
3530
3229
1627
7587
7046
1113
7057
1355
4587
6166
3208
7871
2753
5072
7840
1956
1709
7029
7207
9711
114
206
7398
8122
5117
7282
8072
208
7262
1970
3945
814
3484
4420
6662
3986
5401
7129
9772
4274
4664
3029
9515
1504
5191
8931
1706
5208
5360
9016
7729
9932
2472
3291
8996
97
355
5837
9971
1518
8662
5560
6310
9284
186
804
9750
6430
5265
1259
6438
4929
4284
5573
3470
5910
4094
4964
6374
3323
1662
1065
9465
8826
6226
7196
9104
1934
132
1849
5188
1118
6246
2904
497
3429
8009
7969
4212
2540
3803
6552
7494
6803
6800
9157
8642
893
5897
6252
9776
680
5487
9906
3974
7300
8185
551
3943
2236
6336
84
9716
9574
6237
7351
1648
4453
1908
137
7028
8118
9732
4599
579
4613
271
1707
2934
1268
5061
7571
7367
4937
6407
9304
4631
2135
9690
4183
2025
5406
8998
8200
9734
7408
1825
4021
2278
2521
189
4008
3060
5641
2751
3734
9384
4092
3990
8196
2701
8672
5193
9193
8757
7540
6933
9375
912
7694
9575
2538
425
5048
193
8334
1474
6729
9217
6255
8544
5931
824
6327
5077
789
8478
4438
6038
810
6668
2348
578
1701
2470
4624
9108
3093
5124
4195
3717
3422
4634
8856
9485
5620
6907
6585
3082
8195
9506
1796
3213
1076
1697
7030
5423
6927
1615
6085
9719
8253
6900
4982
7530
6894
6401
9677
3900
7033
5933
4944
6798
3255
4383
8853
9163
5321
6992
1081
5269
9128
8806
3191
6972
167
7739
2264
947
5273
5489
253
9260
6663
4974
5619
6611
4255
8732
3615
6911
5022
8760
1573
3369
8877
4267
7822
9910
8492
3679
3911
6902
7613
3274
7593
4142
2973
8655
9299
9295
4776
785
8516
3904
8063
4931
7011
1689
5128
4431
9251
7522
7290
1983
6248
5353
6301
157
477
5763
1336
9740
8125
4786
4376
6061
2680
7981
6064
8824
4316
3136
221
6456
2260
9090
983
9442
333
9507
5992
1415
1346
2909
2625
572
5497
8321
4333
7442
2629
2965
7324
5609
6324
6303
6752
7151
6501
6056
6571
331
5830
7504
2517
4775
5838
8422
7746
9215
1568
7503
5014
7879
5674
7405
4618
352
6476
2351
6653
7707
1959
2294
5393
5216
7690
1914
4785
5292
6544
8813
8822
1106
7012
8175
2266
4447
1037
6956
1397
4553
3168
9919
7273
4471
9187
1290
3342
8210
5395
1414
692
4112
6043
3261
4135
1230
3942
7875
4007
3508
2681
9796
4953
2183
524
211
3837
4963
7009
8077
2772
2352
5965
5109
8259
1510
8132
779
8016
7439
1642
9715
2990
3127
4116
5306
674
6740
1663
9484
1185
8647
7783
1391
8846
1194
7528
5545
786
7865
1535
4216
5959
5405
3655
7652
3377
6739
9708
5737
7112
3958
3463
9661
8557
6979
1872
3998
6853
9455
3518
6825
9356
792
7171
3089
2911
2055
1013
5429
9206
9255
1375
2689
7662
3845
7078
2446
1167
3172
340
91
547
6538
6808
5747
180
3350
141
7027
3908
2003
9866
8847
3025
6205
2438
9219
2397
4049
2802
142
8134
8456
3
1997
4244
5705
1606
5342
8652
7954
5175
8768
6025
5854
2951
154
274
7152
5997
2192
1011
231
9617
4375
9520
2668
9227
2762
7089
6630
8748
3143
9808
8246
8835
4656
4660
2691
4596
4908
5409
4969
1127
6422
7001
3066
5585
2820
7397
2275
2184
9564
1718
3959
9752
961
9991
5017
5542
5469
3187
1883
2210
191
9169
9778
1517
4575
6858
6254
5207
6417
7726
8117
8982
6276
2586
9891
7070
5506
3709
2038
9695
6682
6631
7679
996
7160
4006
1495
9959
4388
5314
9823
8712
3175
461
7350
5678
9965
1506
4010
4143
841
1001
6347
9826
48
7947
9188
8598
4565
2077
7331
3041
7734
3874
8232
2341
2374
29
491
1799
2637
5582
7238
4193
3165
1907
5925
2116
8896
7423
8419
3256
1969
163
3509
3016
8350
3374
7366
6690
1441
2964
2337
2861
2803
5023
3535
8893
2217
802
3368
7406
1867
1371
9176
4109
8651
4417
2546
9644
9816
5938
1625
4461
9788
3166
6316
3838
635
1545
8778
3589
2596
5561
5948
4932
8504
3960
4078
2313
6371
9435
226
8902
7926
3442
3603
7335
8702
3933
3522
77
9625
1502
1897
7927
8270
4991
9382
4027
2136
3642
410
456
6036
5200
7532
9235
4551
9222
5761
5037
3057
6626
7703
2250
3339
5119
7497
7685
9277
2850
2307
2933
5091
5735
8782
2567
3832
2845
1222
9623
8742
7255
570
5824
138
3996
9995
3793
6632
1944
9044
5291
1409
6766
3094
707
5008
4336
2439
8145
9329
3543
9489
7138
1671
7125
5162
8596
8644
5002
2896
5950
5308
3071
9894
8406
7610
2021
2101
6187
6549
4994
2333
7689
1173
5284
5941
5631
4636
6158
673
1632
2561
7820
5762
207
7142
2971
1492
2105
2999
7325
2510
3745
1552
6759
5218
8069
2795
3729
3185
1533
5873
8081
4080
3394
8233
5348
5567
1949
6969
6829
2367
1003
399
1798
6006
4760
2599
2863
135
1843
8543
5886
1762
346
2777
3621
2303
9668
2556
7763
6440
2020
6157
5738
4635
2296
4022
8542
7446
6439
5502
5547
2191
5260
3199
5118
1028
8745
9749
3344
9014
5268
5029
3599
2577
4798
146
1733
9395
4302
6771
2477
9118
5232
9119
332
9931
1308
3402
826
3031
2108
5724
1800
1898
7245
8167
1633
1739
6195
4703
2365
6323
2741
830
514
4834
3725
732
4728
9758
533
7277
2149
8443
5828
2158
697
6940
4650
4842
4369
6769
3345
1124
2921
5647
3260
2639
6794
270
3141
8738
9639
7764
3282
7619
1461
4199
8895
4839
9057
5994
3753
2860
5687
2456
6216
7936
5397
2106
5803
4301
8046
5500
7254
2858
684
1120
3767
2230
1476
3977
8048
1810
6576
1488
7709
4766
6925
4357
4511
7923
1172
9848
3360
613
9521
3879
3301
6574
2083
6084
4377
3987
978
9007
9633
9067
3490
3036
4652
8678
1781
8547
3728
9064
9297
8714
5084
548
848
971
9812
334
3724
2976
849
2280
5042
7244
5947
3851
7833
3304
857
1098
4673
1571
8052
9908
9693
976
6814
646
7740
6190
3695
1725
6196
3154
7769
2125
9474
718
1442
6289
9939
4736
8752
1287
4261
4310
906
5129
8576
6744
3346
4706
3227
854
5375
8709
4693
9234
8513
1356
9213
7447
5088
7205
8836
7541
3193
2462
5525
8559
5613
711
4492
7794
2239
3128
7082
4615
6284
4228
7234
3033
4579
2390
3160
1643
2959
8455
4690
5403
312
4787
1614
6710
641
6692
5913
9242
2474
109
2274
1288
9792
2752
6839
604
9830
8146
4081
6346
6583
5571
7321
6322
910
3749
5095
4815
7101
4959
2189
7338
7444
3073
6339
3107
4945
6844
3340
2292
6099
1833
603
3188
9364
2981
6760
5768
936
8972
5491
6891
4452
8158
8347
3719
8863
7811
1793
8753
7016
7128
543
4811
5553
3928
6111
6498
2939
1512
9396
629
8168
5503
3310
496
5041
642
4507
7199
4658
4352
395
5391
8859
6354
597
8637
3523
2099
991
9968
1708
2575
9835
1200
8538
4289
6273
3095
9896
9969
1063
7819
7629
7538
9944
4332
7934
9177
3507
1190
4977
4882
2583
6823
1577
9643
9731
8186
5459
3149
268
7329
655
4325
1789
7192
9493
612
2463
6570
2289
5960
5983
822
2763
9301
5407
5179
6909
2983
32
2215
5448
7730
1612
3861
4812
1322
4159
6866
8563
3444
3527
907
4825
5654
1269
845
9221
9289
7634
6696
7765
3743
6165
1320
8743
4677
7334
6161
9082
9216
3890
4121
35
5316
3398
5157
3887
9462
9517
9526
5626
5263
8774
7258
5176
1893
7093
6678
7053
2098
5504
6434
9774
4662
9528
4841
3992
6032
6867
4674
2104
6787
7977
4582
8819
6910
6821
9755
8511
5930
3834
7712
2385
4013
5411
561
2975
7757
6819
8524
3631
886
8573
7204
3651
272
9023
8903
6926
5592
2797
2409
5432
2411
9074
7857
2821
6479
2704
5245
5026
6455
9764
1301
6572
4722
3663
7821
8199
1289
3002
623
6785
5540
621
1602
3050
5099
7972
7812
4985
1048
1868
2624
9790
6390
9421
7187
550
2027
4015
2767
4850
4980
6300
823
2842
2663
9106
7971
4056
1008
8911
9972
2332
375
1004
7068
1811
2992
7259
8435
5182
5134
9767
7191
1231
4999
9352
379
1435
309
8121
4174
8060
3004
5034
5774
3186
1234
1596
7021
1937
8338
435
83
4179
6817
1277
9401
1700
2588
162
4545
8677
5882
6930
4705
2554
9624
9629
7673
609
1576
8711
1948
1051
9309
9378
8235
9786
2709
942
6991
87
6408
9410
6197
5253
168
9982
2829
1738
6280
6279
8414
9754
4242
870
6872
1921
2638
2261
9292
4040
5505
1494
5651
3934
5966
6147
4865
5358
6651
9302
8583
1424
2065
2252
1014
6575
8564
4188
9717
525
2769
1802
8272
5104
6703
946
8521
7568
3006
7399
3546
984
9578
3715
9781
8474
3670
5399
1761
5766
3224
835
2147
8483
4208
5144
2723
9243
8766
9973
9921
7838
7178
4425
8938
8667
4824
9220
9032
5286
5937
1066
4395
8206
5150
1940
1309
178
5513
6975
2823
5222
4380
5479
2094
7635
3610
9770
5174
3899
8094
5875
8964
4178
2682
5194
256
3125
61
2466
4692
9867
5230
6494
1971
7825
4680
4830
4888
9858
5800
3893
6035
1029
2353
3341
8082
4353
1130
9456
3335
7227
6685
6768
2201
527
9698
6424
6453
4001
4035
2720
1522
5062
4186
2735
7472
396
3714
8176
3174
1848
1832
4508
7668
8913
9874
4858
6414
7620
1136
5564
2700
9180
688
1847
324
1450
9626
1339
777
7219
6249
8269
1927
3519
9339
2405
5461
7677
5587
1212
1836
5810
1909
4133
6638
9571
4532
150
8400
8676
3123
1823
6947
4175
8192
5603
8937
6512
2563
1509
9113
6134
2591
5178
2887
1563
722
2193
2717
5877
5190
9330
7006
1114
8686
6618
8148
1651
3602
8429
3812
8188
6688
4764
9256
3876
8958
6073
3467
2658
3840
962
8496
1699
9923
7172
4439
1942
2131
8043
3267
5967
9343
9663
3205
9768
4789
1279
7236
9167
7945
4560
3349
3980
6915
2167
5795
8833
6527
3818
4490
1422
6428
1411
9132
5841
6418
2359
8001
9146
6080
6984
4930
901
2801
3024
8688
871
7110
8730
5171
304
6262
966
2925
8786
1558
4956
3412
8301
9605
7645
9714
5005
5259
7360
8380
919
2727
9362
3773
4100
7438
9024
5870
2401
611
4519
302
4515
1129
9210
8258
9651
4039
113
6207
3920
3841
8280
5743
4552
5999
3804
4454
5277
8221
7548
7747
8741
2559
4101
5811
224
9236
7383
305
9225
4997
6941
9665
1159
8809
866
7177
9724
1423
3142
6305
9783
2571
6721
2991
9094
1132
2619
2320
1779
2710
2656
2154
5378
3957
4217
5168
2502
4151
1080
4311
2
7671
7024
3239
7393
553
2670
7624
1493
5932
2114
2617
1754
7961
6535
7208
6481
6221
371
1388
5082
9503
8226
8440
8163
1604
6513
2095
5600
4491
719
9469
6862
4157
7080
9081
1491
1273
1498
6079
5374
3061
4405
8290
717
3436
3968
4881
4577
3100
8950
1814
5172
8378
5527
6402
5159
8087
337
6442
9459
4408
4741
8798
648
9027
6946
3460
2159
7759
624
4910
9266
3356
5816
5015
7116
9288
4141
6359
6677
3485
297
6605
2773
5426
8023
8468
3791
6885
68
3796
2063
7659
853
2234
5859
1695
103
4291
8981
2648
2206
2457
969
4467
6488
2238
3936
6559
2882
247
5282
8530
8361
3287
696
656
436
1816
5862
3857
7614
8603
7755
3516
8881
6715
9393
7378
3113
8305
6378
1985
8011
1834
5673
8750
858
2851
4060
1379
8054
1731
955
4009
7586
6065
2400
3653
6579
9238
50
4345
2241
214
6380
2644
847
5557
1027
9300
6942
6290
5539
2103
7691
5680
2450
4160
7394
4171
6364
7257
5305
5901
6702
8079
7165
4018
5010
6581
9672
2130
2042
4593
7916
8681
5952
6028
1038
2608
4386
4042
7890
7315
1357
5864
2340
9149
6603
1964
9386
4816
2944
8879
4283
9638
7789
3137
9890
4411
7818
7437
8663
6369
8694
9109
7131
3039
6988
2041
5482
8560
5581
3156
3354
2770
872
1580
6987
2893
9450
6355
1661
2391
9833
3843
5819
8999
4250
171
620
8872
4115
4330
2432
3750
5707
2177
3964
6229
900
7796
5834
1112
3003
4240
8222
4648
3478
5183
2344
153
3513
1039
771
2553
6487
2685
3105
2364
7210
6152
5133
4611
6887
6317
3386
1270
3390
8550
104
8613
6815
5694
7409
2179
8026
7501
1920
3364
3080
9886
4363
3265
5722
4481
7554
8376
5074
2838
9371
2361
7485
185
7263
6986
8906
1030
8454
5905
2085
7766
1809
2299
3367
8930
4832
2384
8434
6423
2064
7656
3696
5039
3124
7341
4295
3568
5318
6749
8664
1945
5829
4822
7507
566
7696
9809
3813
2386
4598
385
3619
5648
6382
7387
1750
5537
5621
8838
8401
2524
3549
4342
3480
1040
1679
440
8193
5732
6655
9117
1475
1292
4600
4474
6726
895
8529
9047
374
2744
2150
459
3575
1161
5614
7575
2024
1548
3757
9618
283
4767
9543
506
9181
6539
9654
3780
9439
4241
821
3315
5331
223
8386
7632
945
970
6827
6215
8133
3365
8403
5043
8762
6345
6960
345
5328
298
3902
9492
6537
4397
8935
364
1713
3259
2279
306
7648
5961
8635
9876
2922
4893
1252
6486
4091
8264
1621
1499
2339
9775
1508
7661
6600
9682
5955
6495
5695
387
7132
8291
8466
7728
7195
4612
7574
2836
8756
322
859
7322
4273
9073
5418
9239
2281
1828
4913
2233
8371
9763
6776
989
7792
2930
4564
9766
3515
9929
4892
9354
8916
1154
3111
6648
2940
4340
2568
2640
2641
2371
8303
3576
243
8928
6934
8311
9902
5733
9202
1801
9516
1082
5227
8922
3042
7823
2581
8184
701
8765
9946
6232
9814
2910
9938
9607
750
7476
7266
101
8266
7982
9226
4468
5344
6963
9275
6112
4270
3905
1261
9621
4702
5935
8533
3828
8500
9827
1313
863
3555
7745
49
2778
9512
1150
6178
3428
329
8861
2115
9907
7487
2935
239
4326
7020
3824
2667
1272
7560
5865
5442
6191
986
107
1609
72
8577
5278
6021
921
3984
2259
6198
3506
6732
7114
1482
7420
7592
464
9249
5186
8555
4747
4165
2664
3701
616
734
3686
5125
4592
4406
1513
3561
446
9855
7915
7359
2473
7758
6174
7074
4649
2686
7577
4710
8098
7014
2523
3421
617
4053
9928
7183
2360
3540
9101
9539
758
9650
1961
819
1410
3829
1764
9540
7141
6415
883
7475
2593
6649
614
4387
4271
8665
3313
2120
1748
6131
9873
897
2358
4907
2943
6351
8004
6916
7345
636
5574
8593
3722
850
361
3026
6882
6169
9083
3716
6192
9140
5078
2051
8076
8755
5309
7312
5797
6436
9437
212
404
9722
1123
5327
1598
1022
8100
2560
7864
4257
5606
3320
1232
6508
6189
3925
3075
3640
2768
5840
1419
2448
1637
1460
2610
9263
286
3479
6343
1096
9864
772
929
8025
3788
7621
6294
9385
265
5436
6777
6098
7683
9182
2017
8584
3875
2677
4104
3010
8910
9341
2618
5266
1070
2892
7963
2297
466
9743
5437
6525
1675
1033
6072
1817
7143
5507
7104
8465
3351
1446
445
7163
2830
1092
7451
1432
3488
8119
1183
7465
6553
7251
1144
8858
6587
8684
2687
3065
5689
625
1412
3183
6474
6625
3053
281
4610
3177
1354
6023
4197
7410
4477
7498
108
1347
3476
6892
4129
5087
1521
6338
7448
7278
1340
4951
9748
6838
9806
8975
179
4568
8261
4137
9344
65
8907
3155
1812
694
3774
7271
233
8898
9358
7356
1147
1500
2759
1255
9198
9268
5857
7380
9957
7253
5262
6704
9703
7536
5371
3292
4328
408
4556
4676
1121
7295
2876
5832
5345
9937
1588
7468
5623
9831
715
8475
8952
1910
3357
3352
5976
3775
8002
6070
1236
8297
1837
7693
2688
2357
582
196
7229
5434
3654
1385
3475
1400
8925
9511
3553
1821
4489
1931
9096
1540
6275
1110
6556
6109
6876
9171
982
8785
6175
8388
5153
1047
7993
8445
7741
5963
4207
6953
9142
9798
2500
414
7553
3059
403
8097
280
3134
6899
2011
8646
5203
8237
5720
4583
4644
7484
7411
908
6761
6404
7202
351
7022
8005
8479
8862
7069
3639
4249
5380
490
3723
3713
2878
2903
2483
1782
9843
3109
5550
8864
6024
9514
1298
6831
6904
5729
7737
4235
5347
563
7876
85
3708
4012
7306
3268
8382
1569
6888
2040
7964
5438
881
7631
6865
3763
4829
9953
4923
6614
5645
4524
3570
2324
6406
444
9147
542
3867
1365
5126
432
5601
2148
2606
4196
3253
8408
8123
2153
1192
2819
1464
2804
7455
5151
3375
8327
950
2692
8580
2996
350
7512
1730
4727
4
5213
2074
1198
1444
3423
6896
770
6256
5337
7488
6736
9127
8071
4415
3954
9990
9013
9597
8029
389
4954
4346
5662
4500
6596
8715
2520
723
681
1975
5158
4293
9759
7572
8804
3064
1640
7155
6287
8102
421
7303
3623
4176
6898
1215
5420
4763
9470
9155
8008
3831
9585
4794
8929
7681
4554
1820
6573
2604
51
3104
8974
1447
6763
8251
4512
3731
3684
916
2175
2387
5646
3112
3379
9184
9674
2031
7105
9883
515
516
9746
2632
8138
3235
6128
6506
2222
8433
5324
6118
1119
8225
3103
5387
1384
5804
3083
244
7897
9797
3869
5389
3182
3539
5878
4030
4894
4661
2263
4713
288
3283
2458
3847
7999
2336
9175
6093
2342
867
6201
8326
4292
8965
8317
2467
9107
7023
3176
599
1368
9779
8377
5075
1610
3243
4335
2481
3407
5452
8257
3854
314
1274
6388
4601
7866
7289
2953
3542
8498
9114
7935
4158
4966
4918
5684
5493
3232
8933
7751
1077
7509
6452
4949
888
8997
8888
5946
4071
118
6586
6042
9482
3711
6485
7508
5884
359
3054
720
9993
2123
7544
3298
8244
3347
9154
2895
6241
4745
2253
9037
4522
4396
6622
6092
6708
8451
9414
5953
8394
5739
1115
8142
7855
5879
8068
7181
9888
6162
7909
6083
6277
5984
6124
6554
5889
398
7809
2331
2301
3132
5517
4617
7608
7042
666
261
5050
6773
493
4879
7094
5856
9916
4669
7260
6658
8680
1616
6367
7279
5985
9189
1724
7436
7353
4120
7711
28
7604
500
3391
3332
3798
5675
5235
7666
1402
5254
1163
7531
2494
3481
1064
577
2716
7127
517
4219
1214
6250
6751
5638
9869
806
3316
7992
4337
47
5591
9003
6349
4445
2504
4227
628
5928
2404
7469
3947
1387
9645
5214
7137
6050
7625
378
3632
9327
6879
4275
1760
7283
8088
4749
510
7908
284
4211
486
959
1928
8948
557
4732
7933
6263
2506
7332
4055
2833
7962
3611
1851
5867
3999
1458
4149
4919
9192
2544
5617
3178
2396
4510
8333
3511
7770
3988
5530
3783
1218
7802
5105
9897
6855
6151
2865
416
2884
1536
9405
994
4712
5325
5842
6545
6039
7791
745
7882
177
5799
1698
8884
4334
669
182
1688
1433
8600
2186
5538
2936
3318
2245
1565
8682
9438
3233
9136
3797
1184
5116
8182
828
2782
8857
6835
5450
846
4771
1404
1026
6939
9413
4210
7330
6640
5851
2980
4155
3560
8107
4733
6448
8218
2607
3912
2202
4034
3758
8035
9391
1620
5454
4161
1622
8932
1068
2866
3689
9637
8908
5185
6110
6272
5508
7727
5184
1018
2545
3637
3338
5217
9542
8731
2764
2881
4482
4737
8055
1943
4128
2695
8837
5622
1032
7505
8247
4138
6312
2548
3941
6372
5149
2766
6350
3307
1141
6621
2679
6523
7676
8013
9197
2628
7385
5616
8787
4768
5412
7432
8595
7547
8404
4906
9170
5927
6971
1143
2453
4083
9878
7695
3426
2558
1162
2550
8346
5605
9753
2660
7065
8154
2143
402
3517
1672
1138
1549
4441
3668
567
7358
7753
9504
6100
1479
7396
8457
9518
8109
1043
7562
9552
5754
4087
4542
8254
4279
5534
1305
8065
2139
1947
5045
1090
5552
9283
1195
4616
3471
6870
7903
1105
5968
8493
7422
5844
7863
6590
1109
3447
4871
9880
2902
7630
536
2527
7859
8276
8288
9771
9736
2678
205
9599
372
4973
1501
5555
9368
3624
1310
832
6974
1139
3504
2479
8203
7827
9666
7403
9257
5993
7250
9569
4182
727
5728
9782
1326
5275
6281
6020
8956
7440
2815
6420
8128
7639
5012
2584
7149
4499
4540
4509
7735
9247
9710
9355
1742
4130
9678
4392
1773
6530
2370
5890
8360
5518
5701
4384
922
3225
2573
4753
7805
3931
1641
5746
1994
1166
5718
963
8995
4801
2855
2069
6071
9795
2172
9273
8848
9209
2849
7991
5990
6784
1189
9028
2724
3389
3446
6295
9340
7843
8030
116
3891
3846
3822
1094
5101
9978
2565
4153
4462
7428
4750
9322
7268
2459
3195
818
9977
8172
9451
4723
7043
7537
5445
3052
1437
9879
5683
4590
2480
4125
2518
7088
5863
5296
1835
1990
3881
1638
9927
4984
7218
5164
778
2985
9600
825
9246
9606
3778
4067
2824
5958
1398
4995
2329
7121
82
7319
2598
5570
9510
3076
5696
2497
9822
9099
6376
2142
2004
5721
5708
2974
9429
6022
6431
5917
183
817
7217
3081
6897
9303
8962
4594
4971
4904
3280
8912
2525
8426
8575
1300
640
6893
3868
9861
2906
3564
6569
2441
7913
6802
2731
194
7015
4037
3404
4779
9583
1209
1721
7167
1122
2243
6846
5686
507
1758
521
4233
3468
187
6182
7749
1421
6077
4914
6266
8390
429
1913
1890
2516
203
939
9022
7939
8012
2461
1865
34
9287
6505
1783
4623
9925
8205
3647
7106
9913
2282
4046
6793
3617
9700
5529
1201
1712
595
2431
7407
5639
3781
5233
9747
397
8868
549
1681
605
8398
4946
8318
6503
8905
2894
3808
9673
8105
7732
3970
2070
4399
6714
7771
590
3435
3785
5511
3040
7667
5257
6117
9533
5281
3985
1281
9720
2807
368
5982
2757
4708
468
2089
6482
3537
2982
4603
869
228
2204
2007
2649
7583
8512
1349
3438
5364
485
6965
5710
5417
5957
2090
4898
5481
9615
4899
9186
3864
2219
9321
6598
4487
3380
418
1683
5192
795
7874
4748
5202
8631
7552
4863
4313
4419
6155
2062
164
9598
241
9195
3327
838
5165
3477
8866
9727
9291
1207
5090
25
6920
1807
4683
2580
1430
1723
2372
8523
7795
336
8535
716
7265
8673
2318
8645
6959
7343
431
898
6274
8807
8405
3116
3170
3051
4456
6086
5464
4719
6243
2960
4827
8605
9449
347
7298
2413
1223
5093
470
111
4576
2622
682
4132
10
3027
3768
1626
69
3118
27
7216
4807
1827
4066
3226
9399
2557
2078
3697
8721
5679
3121
8412
9849
3220
9815
9819
6502
5700
7413
3608
7609
9713
2168
7803
9524
9591
8989
9496
1841
3755
602
733
9895
22
3567
3272
2603
8919
1216
2707
4484
9296
2417
2526
4232
3491
7986
7194
8854
5509
9992
995
4538
4110
2512
5868
6500
5572
1666
4886
9996
8041
541
1919
4256
7443
3200
9728
7285
9458
2440
5310
9061
3730
1249
3418
1561
7392
5758
9258
3563
4400
9006
5140
2647
4119
4527
6068
2194
2676
3597
3648
933
4450
9630
4033
6824
3760
2225
4614
2886
2489
712
9922
124
5793
9200
5717
4385
426
37
6871
1468
2543
9488
1537
7793
6620
4303
7156
5636
899
4903
586
8800
4729
7776
2708
9207
2713
4152
8754
5749
4654
9020
6223
2574
8418
3122
573
4978
5736
2874
2270
6341
4642
353
8992
9333
2572
5187
7320
1516
3811
3554
4550
3825
693
7213
3451
119
1930
1243
664
9316
7490
2381
2408
2674
7873
1784
1471
9865
1075
5989
9824
1594
3333
6054
9095
685
3657
5435
2972
6199
831
3649
3353
7713
57
2091
60
6604
6597
4725
8792
2492
130
9508
8739
2969
2312
377
2967
4857
1010
539
660
3415
1378
2634
5891
6340
1337
198
6383
2914
3078
8220
7474
3635
3866
8462
5541
1036
9264
3046
9055
8701
4800
4718
651
7123
7925
8042
1630
9631
252
9537
9253
1280
3336
6745
3248
7517
3955
6437
4813
3445
8051
5779
2298
9704
20
6695
3157
3921
2485
6153
5440
6813
8970
3366
5272
2913
317
9562
8780
9360
1100
5289
4797
8006
88
8852
6509
7914
2968
5096
9497
2958
8315
2244
6062
6389
1527
9657
3383
4052
9457
330
1091
7599
8901
6895
647
1906
7317
5825
4262
6861
4276
4792
9936
8650
2880
2059
1538
3673
1152
1547
9398
4681
2835
5772
5915
5340
7357
3693
1462
6395
9447
6568
1246
1553
6624
4248
4201
844
4678
9856
7076
8409
9252
4859
9008
6524
4996
2449
8279
1980
7427
3028
5471
5914
9924
8841
4770
3254
5544
2262
7296
6188
4548
2948
9525
678
7311
9031
4843
2422
5922
7582
1394
8171
6949
5885
4518
3312
8357
95
3529
8420
8873
4493
8582
7957
8960
2787
2592
9602
885
7246
7829
4443
4236
3764
8214
519
6563
3271
8173
5346
4872
6308
8007
3070
773
9934
6096
4578
4782
7162
8183
4769
874
6379
1251
7756
455
2946
3661
216
31
7585
8194
6681
9989
5945
6212
3626
5921
4567
6720
5588
5822
3885
4781
4339
3926
5047
8830
2273
2268
9976
2740
8706
8561
5416
6734
5820
5808
8411
3281
3618
318
2034
7872
8700
4875
7787
1227
8747
376
2237
151
7834
5463
5441
3625
949
2794
9483
4591
9274
9328
1670
465
7894
752
9347
3164
8488
1041
5630
227
708
9761
8779
417
5243
5004
9052
1341
7647
2060
7067
9527
6236
5562
5655
9531
9432
126
7921
3982
4202
6055
4897
6517
5274
7032
296
401
6533
8467
6849
9697
1179
9427
918
9070
5598
1116
917
6705
5595
5319
8620
556
4189
6133
3536
3671
5390
902
6309
4124
5049
299
5003
4480
1763
6049
9201
7555
3270
7810
6400
4724
2595
829
977
8618
7678
123
6314
3937
2035
2808
3017
545
5335
9000
2102
4826
532
9741
9691
428
294
1879
5089
4209
5330
6669
1253
594
6419
7952
9010
2783
7663
5725
3269
4922
2269
2721
2666
3967
1418
8532
4044
8890
4539
9530
875
9534
7346
9374
5279
3221
5485
7618
5373
8772
756
8669
1242
3246
5092
675
9406
3810
3400
257
3919
3324
3889
8307
631
4838
9174
3746
1597
2392
3384
5802
737
5477
5024
8825
8781
4639
5559
358
2814
6059
3634
4190
1629
8020
5629
6699
5798
9123
7602
8729
6519
1929
9285
5580
8322
3672
1258
8571
5632
8784
9660
1965
6515
1364
7844
9702
1463
9834
8147
1769
7168
39
3150
5195
430
6912
555
2987
363
6582
7158
5880
9179
192
6589
6145
5166
9105
800
3000
7292
6
7344
3894
5189
738
2330
8497
4429
9642
5703
7270
6183
7932
3045
9068
558
3918
3586
7785
1247
8359
4366
2068
4502
1361
7892
7682
7565
5065
4521
2388
2642
3704
4933
7489
2203
7861
6365
6344
6765
2144
7612
3667
6919
1581
5439
5326
2917
1984
9086
632
7754
5156
799
5677
3440
4740
8592
9130
8690
7744
4751
8368
8963
7807
38
6170
4338
6484
3500
26
4221
3592
4181
6357
4547
1182
6932
8799
8343
4808
4756
9735
1315
540
9365
8961
4497
8319
1933
8887
2056
5261
5107
5691
7626
3207
8339
4901
9412
731
5871
1088
4258
4358
9723
2377
1690
3180
2852
2822
1078
3559
6723
3997
6015
520
9903
9558
9223
5782
2368
2195
7893
1175
6840
6610
5813
8282
4090
1839
7655
9156
2952
9317
8476
3738
5059
1477
9126
768
8431
9881
5071
3306
7994
8720
8899
8240
6066
9608
6832
7416
9904
64
7414
4939
3761
575
6091
1348
3929
8746
6944
279
7622
3115
4757
5307
300
9964
815
591
8438
8713
407
8461
160
6447
7902
2755
3275
2816
805
3296
8127
3732
4085
1999
3373
303
9294
5521
7959
5121
2569
7493
8066
9863
6850
9620
5270
4790
7950
6326
5790
7111
608
9872
1955
9102
7463
1653
4011
2045
4410
9039
6555
1503
5271
9185
4314
5028
9918
3630
3860
2265
1264
6643
9424
4296
9388
4605
8674
6244
5919
4896
4331
1149
3216
7377
931
8869
5549
5044
7601
3842
6394
7798
5428
4444
7107
8477
9048
6449
2715
5669
5753
6177
3766
8003
5858
12
1319
7342
4862
7026
6325
197
1826
7607
9034
8751
4682
7117
6471
9899
7179
1483
7264
450
8078
8851
67
2366
7203
5900
1125
9851
5199
4367
7931
4694
9565
9281
6719
1358
7209
710
8658
3821
3086
4877
7473
9461
8033
4558
1186
7309
7686
2005
9751
6607
5776
7499
8653
7860
3880
5246
1093
7944
6094
5301
8707
1366
9387
5750
4226
5013
6834
7323
8640
8159
3877
5400
4864
6477
8718
7684
7478
276
8137
8843
7126
7212
5740
3969
6755
2825
8703
2562
1815
9777
8988
8190
8384
6548
8536
4442
774
6296
6948
3334
9603
8850
4154
7716
698
7118
1822
9604
5242
7044
2486
5496
8166
5297
3249
9089
508
502
5363
8679
5366
2248
4721
9988
3079
156
7917
1857
3799
8022
166
169
2145
7510
9548
4475
8794
924
8671
2864
2076
4529
6194
4965
2435
8180
3337
6989
7721
856
2258
4025
5177
1071
448
5219
8120
339
7883
7956
1722
6546
3951
1372
7096
4323
6608
8243
3752
2304
4625
2419
5332
7706
6753
4045
5494
8628
4734
5685
5320
1830
749
3355
7518
9802
6348
7643
55
627
8654
6952
4950
2531
3161
1240
8207
4320
3858
1543
6242
2694
7079
5414
546
9373
232
5730
6122
8518
1889
8375
237
2229
4698
1585
8842
1286
744
4573
1204
19
5357
4494
3744
8153
1998
5634
8140
9683
1578
1221
3584
6450
8446
201
6265
1015
5578
6315
3063
5771
5548
8093
4187
2854
965
6727
3222
8302
8092
8634
6209
9270
434
4619
1874
9158
4856
1373
3074
619
8771
1140
5038
530
877
1034
4108
2308
1989
6398
8875
9887
2228
6444
6884
255
6659
5524
3252
8436
8821
2471
9958
7232
5240
6063
6179
7731
5688
5773
7071
7773
9199
6030
4299
5408
9840
645
811
1693
9121
3197
8973
8256
3348
2008
5392
4557
4549
9244
2013
7220
5951
5163
2684
3007
9194
5484
6674
6584
3792
3593
8316
9975
8871
5970
8239
8427
562
7533
8363
9595
9832
6040
8845
781
4076
1505
4584
8241
7464
6149
9541
5625
4685
3600
3210
5350
9820
133
8024
9999
6541
637
9079
2877
6368
5040
1902
3888
7061
3585
2995
3458
9845
424
1790
9417
1188
9400
7479
9912
8383
4979
8578
5136
42
511
5020
889
5664
8494
4855
2213
1142
3629
2970
8187
3416
7305
2345
6639
5672
5466
1396
2476
3503
3710
2831
5223
471
9085
8545
6115
1485
9676
7087
5796
7644
4503
4970
8736
4784
6286
5349
7461
9850
6472
5942
278
5475
3413
5341
7249
8416
1526
3067
4168
1323
1000
6360
8528
4632
4517
7760
3907
4580
5098
9335
4629
935
155
6733
5033
2220
5584
5801
4162
4463
3735
125
7456
9648
3878
3044
6901
8157
4047
729
4597
2542
9129
9987
7035
93
9338
6218
4752
8610
588
9448
8162
4282
3266
8262
140
7375
9844
8904
1478
1854
4379
6627
1611
9963
9614
4466
4574
4637
6051
880
1016
1079
6270
4272
3234
7426
2369
9419
2828
1935
9133
8508
8797
5404
259
3198
1429
5615
4783
5853
3706
5488
5160
6473
3450
7850
6116
9549
6459
5887
512
3030
843
6562
4847
5668
8608
2702
4793
7910
7564
5594
6306
607
2315
5021
7940
5264
3001
3184
8201
9705
5201
6550
2300
5667
7049
7226
1481
8994
8482
5943
6119
17
9148
8459
6561
8638
882
1405
344
9029
480
793
7767
6258
975
4486
5586
494
9078
7911
9733
9380
6529
7458
5032
909
1256
8260
9376
2124
7814
1813
2088
8829
8531
2394
9144
1104
2424
4307
6762
1089
3646
5909
5612
2016
2046
4215
6253
2418
8139
159
2207
8548
8979
5226
8505
728
9859
6397
3397
5995
6467
4628
742
5115
695
4206
9472
1710
9425
9254
1856
7348
3147
662
4972
2626
9370
4412
855
1440
4955
8423
8080
4534
405
2937
269
4805
8953
6812
258
6167
7039
2072
8074
291
987
7462
988
3432
1645
3776
9532
5209
9161
1881
4851
8208
4638
993
2857
3120
8329
5608
81
1155
9076
2665
763
9634
6980
5697
6363
5826
3505
6789
4260
1767
639
412
287
5991
2067
7424
6181
3939
6700
2410
8723
2212
1529
3927
3587
102
5076
7381
2870
9911
1745
8189
3434
1716
504
8086
6687
8522
4659
2669
1472
1021
6883
6623
5786
8594
8659
4224
7615
8389
7998
7386
7595
234
3759
1197
1282
8554
5384
3572
1954
2793
5455
9981
5248
1205
5483
4344
3388
6454
4496
6851
6684
5899
5132
5998
5252
1805
7853
4993
9765
9054
21
3020
9596
2993
7211
4835
2926
2662
7617
522
4166
4895
1855
2043
8812
2621
1886
2800
6779
9259
1624
2989
9015
8141
3238
1853
3276
676
7225
7828
6403
6995
9658
3848
9667
5036
5522
6127
1778
8367
2839
3844
6660
6725
7680
7109
7031
210
4393
7073
452
422
4058
5398
8227
9041
3087
8430
8213
8150
2490
3192
3981
7515
3677
9160
9480
4867
4231
4222
808
7724
7990
8967
7002
9409
8204
7037
7651
7588
3498
3206
8574
7869
5706
3739
6108
4036
3769
2871
3607
2988
6466
7175
5770
7951
3088
2469
3317
8373
3545
6914
5106
222
1211
4606
3487
1976
2428
4622
1993
5361
8353
4581
5468
2087
6268
3441
9985
9318
6778
1438
6016
1941
7591
8619
3099
1470
1957
1217
9392
315
5866
3896
7010
3859
2443
5939
5818
3666
1850
2023
3865
4077
5317
7239
1901
1946
217
2605
2257
8534
6996
6213
7120
7704
8106
2706
1296
6676
6645
7134
2251
7157
8722
9422
8354
3873
691
9097
3311
725
9454
1473
6786
5652
4169
2780
3815
8439
3219
1692
4695
6735
903
6102
5267
5690
3431
4561
8509
8556
920
1299
5988
3131
6451
2661
8032
7774
2924
3910
9342
9563
887
8325
7425
1496
1448
7578
9120
2328
9346
5894
4943
5139
23
3499
472
9065
7228
6928
4459
6219
1926
1894
4746
6053
6518
2519
5433
8336
9058
7154
8735
5302
8818
1335
1244
7135
1007
9810
528
1260
5196
328
759
8330
6650
5255
1806
2585
1208
9072
4861
1193
6220
489
8299
7164
92
219
6504
4278
6950
8344
2796
8323
6172
8310
3966
3594
9956
7122
44
9248
4533
5073
120
1126
9860
3826
3913
9948
6665
5480
3014
8790
9800
7742
5086
5355
7147
9035
4051
2602
3419
5682
574
2009
2536
8639
94
2133
5052
4306
7041
3034
6285
4194
3012
9103
2541
6257
3459
7967
8507
9994
4562
4458
8495
8611
7813
1403
7389
2349
6646
5007
1156
5954
1903
4730
6770
699
891
1599
9893
6282
8364
5918
4836
1787
9780
2254
4148
1702
3923
2321
4372
6267
3363
3579
6413
7930
5964
1451
5520
9477
3583
2746
9467
5723
2209
4173
3641
8693
5883
6433
275
3032
4566
1607
3983
8969
6707
6412
3924
1617
8558
3278
3343
9689
1664
5849
9983
5055
8983
5843
9961
4451
9363
4828
6560
3892
2475
9628
5085
8855
1297
9590
4003
2226
3133
1953
2549
8519
7008
9613
6384
5712
343
2798
1870
2627
8860
3290
1020
3021
7130
2288
6985
4479
8661
4717
8099
3140
9313
2138
6047
2227
5046
925
9293
6499
3747
5334
2058
7887
1362
7281
6577
4214
6954
8724
4409
8831
7658
6483
7516
972
1884
2249
3240
5715
8374
1085
2037
2941
1311
9279
9821
1551
9150
8636
6292
5236
1584
8090
1963
6247
5650
4909
1772
6737
4150
1199
581
248
5467
4869
9428
3698
3675
842
1866
776
3273
8480
8174
2862
2075
9656
3819
8562
4229
8391
323
3258
6841
1917
6935
5228
5845
7339
3189
1639
3558
9870
9662
1466
449
3223
3737
4701
3551
4657
1370
6493
7768
6335
1590
3790
9738
5068
7722
9191
1353
653
1345
2947
6202
7965
1556
1293
8442
1304
1572
7180
4144
9138
7941
5083
1108
2846
9250
2672
7450
9519
5210
4716
2722
2551
1254
5817
3037
5543
8946
990
2984
2346
2033
1180
260
6672
7434
5431
8918
6164
7372
8940
3538
6633
4370
3215
8379
8487
4809
6240
7395
2635
7717
2841
6943
8324
9060
9513
7090
8295
9166
3194
8421
9381
2920
6981
267
4528
6114
4251
7243
5577
2347
6797
8028
1546
249
9950
2484
9379
1099
2493
2080
9369
3547
7371
2010
1158
1618
4360
8160
4546
3817
739
8345
8263
2429
6469
4689
6103
4455
5558
4989
400
9794
4422
8773
3591
6673
9967
2356
3664
5956
7347
6069
3794
3777
6435
1852
836
6754
1363
3068
6864
1367
380
5239
7066
9785
9546
1045
1911
2643
7616
4127
1726
9440
7514
593
5080
5986
8151
6746
1146
3406
7905
195
2173
9348
3361
4234
1785
8058
8670
4098
7723
8271
9475
2890
7733
8255
1840
2127
4921
1196
5295
9272
3376
1250
4084
3580
144
8894
7854
9408
1343
4952
5815
8178
8314
1539
3963
3660
3159
6283
5111
5388
4404
8566
1187
230
3882
4670
9367
2594
6156
1665
5848
3117
7284
8335
7521
3393
3533
7153
1967
7700
1436
8944
3008
8181
9403
3069
1457
8236
6617
1019
1456
6003
953
1557
1570
3299
5294
1631
4424
8567
9962
7852
5247
1912
8503
4948
2414
5792
1225
9572
4647
2427
9498
1797
3950
2119
1330
7736
6514
9009
8643
4520
6496
3405
7919
2362
6906
4050
4341
289
7845
6089
2915
3196
748
2187
1703
2997
1678
1303
8626
56
2737
5978
2436
145
1765
6443
7841
6775
7445
2084
9805
7567
8840
136
457
7542
5112
4976
4041
2146
9838
6067
5610
974
1880
7848
9647
3058
6922
7539
4731
1427
1958
4354
394
5351
3616
4915
4065
8304
9556
5241
9535
671
736
2498
1635
6193
7190
8936
8696
8000
7898
8791
7419
9709
2945
7929
862
873
5205
5888
3319
6104
2673
4778
7150
7705
790
3395
6619
200
1795
8924
6889
78
8103
5094
181
4019
4641
6937
5155
9137
6492
1974
3707
6557
7036
7523
8084
2117
5563
7095
9033
3469
796
8685
7576
3056
6689
9686
9491
894
1775
2198
8622
1696
2582
3726
7550
9917
7989
8728
7884
8657
6425
951
6019
813
2813
5628
5756
992
8590
8410
8788
8733
8656
7725
3922
5352
1808
2950
3486
2719
6146
8882
8095
3895
3457
5290
1982
8424
1655
58
3362
5339
4437
8027
5336
129
9306
4131
8428
7433
3151
1766
3009
5053
6304
8292
4759
8917
3742
9116
8228
9151
3303
2919
2748
3022
392
2200
1181
8284
6594
9383
7103
3565
6332
7782
3736
2306
860
6001
293
1235
1307
3839
3077
5833
8569
3809
6130
7688
5814
5370
2827
3531
1157
9509
6601
6058
4177
4700
6616
6445
4633
7058
2185
812
4105
7198
3962
7221
7233
9561
2790
7382
9837
115
6860
2196
3994
3408
5698
9854
5102
9084
3305
3417
7664
730
9726
1431
1694
9652
8191
4968
6807
1381
6918
2775
2026
638
1213
5850
6613
8062
4449
8274
3090
4773
5532
5312
4298
4073
3534
1560
7261
1465
5131
6738
2255
2786
2271
8820
2214
3110
2047
1049
9460
6675
4427
5653
4391
4401
3501
2246
1780
5486
9762
7699
5212
3102
2754
6875
3574
5011
9141
1386
9066
3512
9669
618
7146
4204
4146
5285
5566
7361
4837
8285
8268
6983
6671
2423
501
3521
9164
2908
1968
3573
8726
523
3644
8775
1564
1406
2840
1344
2247
7896
6788
8365
2552
127
4498
8481
2977
2382
7231
6852
2018
5402
8568
62
9415
4687
6186
6962
9679
5781
7912
7761
5658
2657
2000
9807
458
9730
4069
8828
2501
967
5767
3692
1613
2395
9326
2030
4381
4126
8031
5006
6057
4082
4589
15
9560
5962
3096
4967
438
5304
1677
6097
6731
1443
6204
8045
3279
861
6566
704
3489
3473
892
2750
6037
2267
1383
9502
6913
5385
8627
6531
4640
5394
7467
9568
321
462
9233
3932
7374
8553
469
938
8370
2096
6173
7176
4846
610
313
1024
8716
7038
4421
7642
381
9586
4672
406
2093
4361
9601
240
8437
2451
7313
7063
3850
4252
1776
9756
9051
4418
762
6967
1938
6551
3853
2760
8211
7480
9019
1111
7665
6211
6826
9589
7579
1295
13
2112
2745
1534
9042
8607
4714
3569
3917
5415
5589
1587
4586
357
2223
571
9635
6929
8977
9495
5016
1650
9011
8485
1659
3114
9036
1329
2698
5764
2221
7978
316
9430
2875
8510
9587
3495
7839
3622
2986
460
4290
8452
3718
9611
7502
7943
4448
9312
3047
8889
7242
7288
9784
1777
40
6558
9545
2495
6458
173
9701
5110
2966
7832
311
6657
2487
9551
4079
1380
8570
4102
833
1135
5313
8136
2597
6977
6405
4057
1338
8987
6391
1334
5751
9420
1390
2107
4253
3556
8484
7988
5904
2636
3814
4868
5322
8229
8959
8289
3190
8849
1245
6642
7858
2533
2645
2286
3526
9100
2612
6044
6154
478
998
7368
4402
6224
4254
5443
3681
2302
529
4243
7025
8056
4280
442
4416
250
8802
5103
5427
9111
5424
7953
1219
4651
679
8143
8356
1497
4960
1069
9576
4983
9793
8038
6298
643
2309
8215
1939
9594
9230
9685
6396
5510
8294
2086
5204
8249
565
7056
9681
7590
981
9799
2837
9162
1133
3953
6432
1454
2029
879
6542
2779
964
4889
8923
3952
1727
6045
2176
8660
782
537
7286
6034
9853
4436
3833
7007
6468
3439
9122
816
6225
9152
8725
5170
2714
6046
6694
8067
264
9444
454
8624
3437
9680
7815
9134
4061
2134
702
54
3807
576
1271
3409
3830
7633
7457
7441
7466
8017
4607
9229
7287
1705
7973
128
441
7077
4156
5458
9952
2613
1755
4905
1128
2277
1276
8844
3325
3940
9143
2765
2426
7637
9018
8039
3628
5137
3245
139
4505
2931
9877
1838
8248
6007
9431
8976
6781
2121
820
225
4014
6712
7483
9278
9841
2430
7310
606
7743
3510
7390
8407
4184
3816
8915
4627
9203
7778
5152
2812
8124
4720
4281
5456
6780
2979
7948
5154
8900
338
3297
369
1741
2287
1168
251
1062
9426
1325
5649
46
5681
9803
7113
2957
1165
3849
7606
2579
447
3604
5576
7980
5757
1316
6536
7248
8417
8355
6730
2805
5777
7895
9857
1392
2208
8692