465
119
380
632
139
987
165
885
86
265
298
975
362
368
80
264
396
744
986
414
763
765
662
967
817
861
476
299
150
305
51
816
783
52
501
595
557
260
479
544
339
357
966
126
637
560
358
65
976
492
117
319
1000
819
282
520
739
944
537
136
584
235
430
835
253
345
422
840
449
685
318
477
761
487
193
621
71
740
459
452
209
510
20
846
556
522
146
372
648
73
638
916
874
442
316
183
850
225
666
216
541
659
529
239
314
118
635
613
906
98
346
141
158
959
802
43
694
77
507
577
801
35
562
149
880
2
12
615
354
843
218
125
311
793
406
547
651
904
937
611
127
991
814
429
408
397
956
687
107
9
601
417
554
375
31
733
982
754
50
206
418
713
500
519
610
47
5
917
57
488
315
526
291
700
594
156
698
293
939
393
998
85
960
89
566
625
948
774
294
932
383
263
472
463
517
719
609
626
266
996
876
962
30
327
656
792
194
949
337
434
897
607
910
614
378
147
571
60
551
377
606
178
957
14
232
269
468
590
786
58
74
829
369
208
930
415
188
402
768
704
640
516
502
456
523
543
725
199
702
940
72
663
545
124
947
865
303
82
599
435
496
90
409
386
170
574
144
18
920
257
301
187
825
699
895
683
295
309
120
575
645
171
448
583
116
493
555
8
983
79
536
320
106
697
278
142
755
756
767
133
335
811
732
289
122
440
933
356
395
464
559
423
647
681
857
446
741
203
451
128
665
252
62
462
737
674
242
427
833
597
849
751
672
717
691
482
205
532
81
881
145
812
535
177
525
67
15
248
911
513
16
104
527
892
287
567
528
915
693
682
518
437
22
779
952
646
274
561
390
95
160
627
909
748
968
469
330
215
246
340
351
530
84
955
267
322
977
237
453
37
538
540
927
649
692
196
286
403
893
48
722
99
391
333
137
832
894
285
350
140
800
132
49
971
443
928
475
676
224
856
399
617
603
306
70
688
592
240
17
764
398
21
675
787
883
826
534
166
853
68
94
271
549
823
69
392
889
734
438
343
19
498
631
201
749
815
964
716
808
153
797
480
830
785
272
922
331
990
620
284
616
994
548
46
400
858
197
148
407
432
410
708
34
280
236
114
245
29
59
572
735
460
869
36
281
736
591
772
223
154
329
845
573
421
860
336
653
508
7
945
202
210
234
164
44
942
256
190
776
283
355
332
730
326
461
512
75
251
384
578
605
268
822
788
552
804
669
255
411
39
992
896
644
570
229
588
576
558
499
908
182
654
981
115
854
791
143
424
495
219
447
27
728
775
907
159
746
878
759
758
585
936
505
679
997
503
913
580
926
41
872
504
842
593
608
91
564
157
474
250
515
664
531
521
359
302
491
200
871
467
38
582
875
220
978
317
155
192
900
226
965
454
83
579
76
450
718
176
254
999
108
818
902
813
642
863
40
705
864
258
367
207
486
985
123
958
941
703
138
969
542
630
886
789
622
838
428
738
678
348
731
61
78
696
323
3
53
690
820
946
587
934
925
110
652
185
342
494
798
300
204
546
953
533
363
101
173
92
297
431
938
524
376
313
612
497
341
121
455
950
419
470
824
347
747
394
650
963
879
729
506
413
760
231
195
261
45
862
11
162
270
228
382
4
539
670
352
769
370
680
600
766
859
374
720
433
167
131
899
951
877
379
174
296
784
634
111
478
88
742
42
921
213
485
918
781
727
989
707
33
980
1
288
723
262
686
726
113
25
259
381
828
247
389
100
473
310
361
180
778
866
387
589
839
961
163
995
810
273
388
54
677
628
851
152
401
668
304
777
230
633
912
667
161
325
867
290
586
481
844
238
211
489
344
795
848
619
831
292
416
26
807
898
13
661
102
24
436
943
243
712
179
569
706
891
328
130
870
364
55
919
212
923
233
821
471
445
186
701
836
509
276
914
602
227
970
794
279
954
905
405
724
629
660
277
796
673
134
721
695
868
752
63
581
924
66
624
979
184
636
425
93
426
385
745
799
658
338
175
222
96
743
855
56
308
847
837
618
10
974
753
172
444
249
360
806
623
805
32
973
809
884
568
563
441
103
931
511
324
6
782
565
371
550
596
112
275
553
929
684
827
189
715
420
198
214
321
773
750
841
466
657
709
514
641
373
887
890
490
655
639
770
643
87
23
129
191
241
484
312
711
873
97
353
366
217
168
901
334
457
903
458
790
412
988
439
349
244
365
483
714
28
771
151
181
64
803
169
307
757
221
935
993
109
404
780
888
984
671
710
604
105
135
762
834
882
689
972
598
852